47144
40223
47102
40014
40295
40293
40294
47104
47138
47106
47107
40109
40010
40218
47190
47199
47132
47133
47134
47129
47130
47110
47111
47129
47131
40110
47112
47114
40014
47115
40018
47117
40118
40291
40023
47119
47119
40225
47122
40025
40026
47124
40027
47126
40228
40129
47129
47130
40269
40299
47129
47130
47131
47132
47133
47134
47144
47190
47199
47129
47130
47131
47132
47133
47134
47144
47190
47199
40287
40272
40032
40031
40032
47135
40031
40032
47136
40150
40150
40150
47138
40201
40202
40203
40204
40205
40206
40207
40208
40209
40210
40211
40212
40213
40214
40215
40216
40217
40218
40219
40220
40221
40222
40223
40224
40225
40228
40229
40231
40232
40233
40241
40242
40243
40245
40250
40251
40252
40253
40255
40256
40257
40258
40259
40261
40266
40268
40269
40270
40272
40280
40281
40282
40283
40285
40287
40289
40290
40291
40292
40293
40294
40295
40296
40297
40298
40299
40222
40241
40242
40252
47141
40041
47142
47143
40243
40253
47146
47146
40047
47147
40289
47119
47150
47151
47160
47160
47161
47162
47162
40219
40229
40259
47163
47164
40056
40258
40268
40281
40282
40283
40258
40268
40281
40282
40283
40296
40297
40059
47166
40282
40283
47117
40281
40207
40257
47170
47172
40290
40165
40165
40216
40256
40280
47172
47106
47177
40292
47130
40272
40270
40272
47130
40218
40077
40023
